# PSIPRED VFORMAT (PSIPRED V2.6 by David Jones)

   1 K U   0.792  0.073  0.135
   2 K S   0.421  0.036  0.543
   3 H S   0.266  0.059  0.675
   4 I S   0.085  0.028  0.887
   5 Y S   0.023  0.086  0.891
   6 L S   0.016  0.031  0.953
   7 F S   0.035  0.036  0.929
   8 S S   0.310  0.062  0.628
   9 S U   0.713  0.128  0.159
  10 A U   0.710  0.225  0.065
  11 G U   0.863  0.084  0.052
  12 M U   0.697  0.190  0.113
  13 S U   0.590  0.253  0.156
  14 T H   0.286  0.664  0.050
  15 S H   0.153  0.815  0.032
  16 L H   0.096  0.896  0.007
  17 L H   0.010  0.987  0.003
  18 V H   0.025  0.969  0.007
  19 S H   0.014  0.981  0.006
  20 K H   0.052  0.940  0.008
  21 M H   0.008  0.991  0.001
  22 R H   0.008  0.991  0.002
  23 A H   0.006  0.992  0.002
  24 Q H   0.066  0.913  0.020
  25 A H   0.084  0.896  0.021
  26 E H   0.039  0.936  0.025
  27 K H   0.176  0.802  0.022
  28 Y H   0.415  0.501  0.084
  29 E U   0.555  0.401  0.045
  30 V U   0.475  0.451  0.074
  31 P U   0.833  0.112  0.055
  32 V U   0.489  0.206  0.305
  33 I S   0.347  0.222  0.432
  34 I S   0.135  0.325  0.540
  35 E H   0.181  0.476  0.343
  36 A H   0.092  0.515  0.393
  37 F H   0.226  0.372  0.402
  38 P H   0.242  0.417  0.341
  39 E H   0.172  0.767  0.061
  40 T H   0.183  0.746  0.072
  41 L H   0.156  0.826  0.018
  42 A H   0.144  0.837  0.018
  43 G H   0.215  0.714  0.071
  44 E H   0.313  0.626  0.060
  45 K H   0.370  0.543  0.087
  46 G U   0.594  0.268  0.138
  47 Q U   0.784  0.112  0.104
  48 N U   0.685  0.189  0.126
  49 A U   0.503  0.399  0.098
  50 D U   0.588  0.101  0.311
  51 V S   0.016  0.344  0.639
  52 V S   0.091  0.283  0.626
  53 L S   0.029  0.402  0.569
  54 L S   0.014  0.285  0.701
  55 G H   0.031  0.556  0.413
  56 P H   0.043  0.871  0.086
  57 Q H   0.086  0.874  0.039
  58 I H   0.084  0.906  0.010
  59 A H   0.085  0.894  0.021
  60 Y H   0.095  0.893  0.012
  61 M H   0.083  0.895  0.022
  62 L H   0.051  0.945  0.004
  63 P H   0.182  0.811  0.008
  64 E H   0.128  0.859  0.013
  65 I H   0.152  0.835  0.013
  66 Q H   0.138  0.842  0.020
  67 R H   0.155  0.815  0.029
  68 L H   0.379  0.535  0.087
  69 L H   0.415  0.474  0.111
  70 P U   0.852  0.076  0.071
  71 N U   0.929  0.030  0.042
  72 K U   0.595  0.026  0.378
  73 P U   0.758  0.041  0.201
  74 V S   0.205  0.014  0.781
  75 E S   0.319  0.072  0.609
  76 V S   0.103  0.046  0.851
  77 I S   0.263  0.052  0.685
  78 D U   0.550  0.033  0.417
  79 S U   0.671  0.215  0.114
  80 L U   0.500  0.375  0.125
  81 L U   0.597  0.228  0.176
  82 Y U   0.600  0.239  0.161
  83 G U   0.642  0.187  0.171
  84 K U   0.571  0.240  0.189
  85 V U   0.556  0.118  0.325
  86 D U   0.816  0.102  0.083
  87 G H   0.135  0.858  0.007
  88 L H   0.117  0.811  0.071
  89 G H   0.021  0.965  0.014
  90 V H   0.039  0.946  0.015
  91 L H   0.021  0.971  0.008
  92 K H   0.026  0.967  0.007
  93 A H   0.028  0.966  0.007
  94 A H   0.017  0.979  0.005
  95 V H   0.007  0.984  0.009
  96 A H   0.028  0.942  0.030
  97 A H   0.037  0.924  0.039
  98 I H   0.080  0.897  0.023
  99 K H   0.094  0.866  0.040
 100 K H   0.236  0.747  0.017
 101 A U   0.495  0.450  0.055
 102 A U   0.845  0.099  0.057
 103 A U   0.906  0.053  0.042
