# PSIPRED VFORMAT (PSIPRED V2.6 by David Jones)

   1 K L   0.989  0.003  0.008
   2 K L   0.869  0.005  0.126
   3 H E   0.317  0.007  0.676
   4 I E   0.040  0.005  0.955
   5 Y E   0.007  0.003  0.990
   6 L E   0.008  0.003  0.990
   7 F E   0.024  0.003  0.973
   8 S E   0.125  0.007  0.867
   9 S L   0.510  0.022  0.468
  10 A L   0.767  0.076  0.157
  11 G L   0.946  0.023  0.031
  12 M L   0.820  0.097  0.083
  13 S L   0.656  0.190  0.155
  14 T H   0.056  0.933  0.011
  15 S H   0.021  0.977  0.004
  16 L H   0.010  0.988  0.002
  17 L H   0.010  0.988  0.002
  18 V H   0.010  0.989  0.002
  19 S H   0.007  0.991  0.002
  20 K H   0.010  0.988  0.002
  21 M H   0.010  0.989  0.002
  22 R H   0.010  0.990  0.002
  23 A H   0.011  0.988  0.002
  24 Q H   0.010  0.989  0.002
  25 A H   0.019  0.979  0.002
  26 E H   0.022  0.977  0.002
  27 K H   0.028  0.971  0.002
  28 Y H   0.172  0.824  0.004
  29 E L   0.988  0.011  0.002
  30 V L   0.953  0.010  0.037
  31 P L   0.606  0.013  0.380
  32 V E   0.155  0.005  0.840
  33 I E   0.026  0.002  0.971
  34 I E   0.020  0.002  0.978
  35 E E   0.020  0.002  0.979
  36 A E   0.064  0.003  0.934
  37 F E   0.293  0.004  0.703
  38 P L   0.635  0.035  0.331
  39 E H   0.196  0.762  0.044
  40 T H   0.188  0.794  0.018
  41 L H   0.125  0.865  0.011
  42 A H   0.162  0.819  0.020
  43 G H   0.167  0.817  0.015
  44 E H   0.217  0.767  0.016
  45 K H   0.328  0.648  0.025
  46 G H   0.448  0.520  0.031
  47 Q L   0.660  0.297  0.044
  48 N L   0.751  0.177  0.072
  49 A L   0.808  0.054  0.138
  50 D E   0.418  0.022  0.560
  51 V E   0.044  0.010  0.946
  52 V E   0.016  0.013  0.972
  53 L E   0.023  0.016  0.960
  54 L E   0.108  0.028  0.865
  55 G L   0.540  0.056  0.404
  56 P L   0.621  0.159  0.219
  57 Q L   0.463  0.291  0.246
  58 I H   0.281  0.467  0.253
  59 A H   0.231  0.496  0.272
  60 Y H   0.193  0.631  0.176
  61 M H   0.191  0.696  0.114
  62 L H   0.139  0.812  0.049
  63 P H   0.159  0.816  0.026
  64 E H   0.198  0.755  0.048
  65 I H   0.212  0.712  0.075
  66 Q H   0.196  0.744  0.060
  67 R H   0.295  0.630  0.075
  68 L H   0.440  0.488  0.072
  69 L L   0.772  0.189  0.039
  70 P L   0.938  0.049  0.014
  71 N L   0.934  0.045  0.021
  72 K L   0.869  0.010  0.121
  73 P L   0.569  0.004  0.427
  74 V E   0.156  0.004  0.840
  75 E E   0.038  0.003  0.959
  76 V E   0.031  0.003  0.966
  77 I E   0.122  0.005  0.874
  78 D E   0.439  0.012  0.548
  79 S L   0.516  0.318  0.167
  80 L H   0.384  0.570  0.047
  81 L H   0.415  0.547  0.039
  82 Y L   0.503  0.446  0.051
  83 G L   0.590  0.350  0.059
  84 K L   0.545  0.385  0.070
  85 V L   0.558  0.379  0.063
  86 D L   0.565  0.406  0.029
  87 G H   0.128  0.866  0.005
  88 L H   0.024  0.974  0.002
  89 G H   0.012  0.987  0.002
  90 V H   0.014  0.984  0.002
  91 L H   0.013  0.986  0.002
  92 K H   0.017  0.983  0.002
  93 A H   0.018  0.979  0.002
  94 A H   0.035  0.962  0.003
  95 V H   0.053  0.944  0.003
  96 A H   0.055  0.941  0.003
  97 A H   0.083  0.912  0.005
  98 I H   0.169  0.826  0.006
  99 K H   0.213  0.782  0.005
 100 K H   0.395  0.599  0.006
 101 A L   0.604  0.386  0.011
 102 A L   0.812  0.180  0.008
 103 A L   0.997  0.003  0.002
